21
AA
AB
AC
AD
AE
AF
AG
AH
AI
AJ
AK
AL
AM
AN
AO
AP
AQ
AR
AS
AT
AU
112 124 14 184 105 160 108 127 184 127 125 167 146 165 104 184 142 125 189 189 111
128 143 149 40 121 117 103 193 138 164 158 115 169 142 120 129 150 100 114 177 125
133 123 191 189 19 185 114 149 126 177 177 169 127 109 190 196 112 136 187 177 194
102 146 188 122 127 48 122 193 167 100 126 142 191 167 102 128 182 103 154 111 180
123 190 141 114 187 154 12 126 183 196 128 181 184 102 108 174 177 154 141 177 180
183 120 100 137 148 182 140 14 145 172 177 136 114 143 175 120 145 101 155 193 129
136 177 183 196 151 112 150 144 51 183 180 161 183 117 161 117 110 115 162 182 145
198 196 188 173 168 186 126 123 179 17 111 157 191 108 160 155 158 157 197 141 189
110 176 158 172 193 168 139 108 151 136 18 199 177 184 120 163 110 143 142 118 107
151 161 115 164 116 125 121 113 119 162 124 55 120 148 189 189 139 197 192 176 155
143 153 191 163 116 102 159 110 120 166 162 181 41 126 197 106 199 163 177 113 187
173 133 187 114 174 126 111 118 102 118 162 107 110 35 123 164 136 186 184 102 148
117 135 126 166 194 177 129 171 190 168 196 175 107 110 12 134 173 120 188 192 182
196 154 160 171 170 148 157 154 103 157 123 190 135 189 184 24 171 108 106 191 104
182 199 115 136 133 188 156 173 132 191 121 138 103 193 108 103 12 114 106 112 137
197 147 179 133 164 150 193 170 193 198 104 192 165 140 177 105 149 11 190 192 172
180 195 117 189 150 120 155 157 184 145 106 183 124 139 147 126 133 118 29 183 122
112 100 115 189 105 164 140 147 108 165 128 155 182 169 105 154 124 162 138 29 120
122 193 112 169 171 197 139 191 180 114 155 132 181 144 189 197 137 137 105 102 25
20 136 186 165 191 110 180 129 132 100 103 125 112 125 149 161 164 140 141 130 195
125 21 191 115 108 180 104 113 182 121 173 171 107 191 162 117 123 143 149 123 147
