99
AA
AB
AC
AD
AE
AF
AG
AH
AI
AJ
AK
AL
AM
AN
AO
AP
AQ
AR
AS
AT
AU
AV
AW
AX
AY
AZ
BA
BB
BC
BD
BE
BF
BG
BH
BI
BJ
BK
BL
BM
BN
BO
BP
BQ
BR
BS
BT
BU
BV
BW
BX
BY
BZ
CA
CB
CC
CD
CE
CF
CG
CH
CI
CJ
CK
CL
CM
CN
CO
CP
CQ
CR
CS
CT
CU
CV
CW
CX
CY
CZ
DA
DB
DC
DD
DE
DF
DG
DH
DI
DJ
DK
DL
DM
DN
DO
DP
DQ
DR
DS
DT
DU
102 150 34 123 100 180 128 112 113 150 189 166 169 192 160 135 108 103 128 176 143 139 197 165 177 126 171 149 162 161 128 117 163 155 140 163 135 120 176 149 122 117 115 192 161 127 127 169 183 155 145 126 147 143 143 124 121 166 125 183 179 153 152 142 160 192 106 148 165 134 197 187 103 164 179 164 144 159 185 127 166 131 105 113 126 100 189 199 118 114 134 198 168 187 192 180 131 198 128
196 184 177 44 187 194 163 103 138 174 189 117 141 172 122 154 150 174 144 149 192 110 183 190 130 122 183 111 154 133 139 150 170 117 134 109 111 150 113 101 124 154 118 165 126 192 172 176 166 168 177 158 178 112 101 109 135 136 172 189 121 111 191 191 180 178 101 143 128 166 144 104 172 114 122 198 106 146 126 172 114 155 131 144 167 132 105 102 168 177 143 141 189 135 133 121 113 186 117
193 104 161 197 36 128 171 126 134 117 104 159 183 159 142 128 126 126 133 181 146 163 124 187 104 159 120 125 124 158 142 117 162 156 167 138 136 138 116 170 108 120 181 191 179 123 171 158 149 157 139 195 120 115 183 124 127 155 101 151 114 196 121 176 104 188 167 140 178 183 162 138 156 144 130 135 167 153 145 169 110 184 164 182 152 199 158 179 107 160 130 121 108 151 149 112 191 168 152
122 104 114 160 160 20 142 147 178 196 193 147 158 129 163 193 181 115 151 160 122 163 143 195 171 146 144 135 190 165 139 112 169 154 172 181 164 167 128 194 115 121 193 173 103 109 166 184 124 170 197 198 133 192 193 157 138 189 192 128 106 132 192 175 138 117 156 154 184 137 101 199 158 146 124 161 155 143 198 131 113 147 181 198 139 174 107 177 116 100 158 122 184 150 150 174 167 158 180
103 195 181 154 106 128 39 167 135 122 117 119 187 164 100 185 103 175 193 133 143 145 191 117 181 193 167 155 161 126 187 116 121 121 171 179 101 150 147 136 124 116 155 111 181 156 196 136 183 141 169 178 186 112 195 167 106 115 174 119 141 114 135 114 135 106 194 136 108 193 172 132 161 180 143 194 188 192 131 123 133 152 153 172 165 148 191 171 163 166 142 156 132 177 123 167 136 169 103
144 114 127 129 175 159 172 30 147 116 153 122 102 105 175 174 122 176 165 145 191 183 187 148 115 117 123 134 153 144 137 197 158 117 178 185 176 103 107 176 119 160 198 121 118 126 147 192 102 165 138 193 100 177 193 168 194 116 102 147 160 140 197 170 109 175 156 185 178 163 161 150 176 112 123 146 138 171 138 140 136 128 133 136 106 127 104 100 195 159 100 108 151 197 178 160 124 186 145
103 102 159 153 178 171 176 176 19 199 114 101 187 143 186 176 101 165 132 101 161 191 101 169 142 150 199 102 175 138 100 130 140 159 135 170 182 163 146 143 163 112 144 150 155 182 126 156 148 159 110 109 102 163 130 145 114 181 199 141 119 199 123 159 110 158 181 144 121 127 187 184 140 183 187 147 166 113 156 166 124 166 175 179 181 157 124 147 190 175 188 110 175 111 121 137 169 103 182
143 182 121 127 122 157 166 122 175 40 178 141 156 144 168 135 125 125 111 173 167 187 113 177 114 177 151 151 198 154 185 141 188 159 121 111 116 187 133 191 119 163 132 128 107 100 163 184 177 127 109 144 114 175 174 180 152 125 131 102 131 169 144 119 128 117 130 196 104 115 187 124 178 171 104 137 123 119 174 100 146 135 196 112 162 170 192 114 195 176 169 126 145 165 198 125 182 180 121
186 196 160 162 126 131 166 116 106 186 52 106 184 129 102 197 192 125 189 158 172 165 127 199 162 192 149 187 174 129 160 113 177 172 127 156 155 146 172 161 184 166 167 168 195 122 117 187 147 159 198 119 124 125 170 139 118 171 178 144 101 191 109 178 163 137 134 119 135 158 180 119 124 100 139 172 122 157 111 121 116 109 192 192 187 115 183 105 186 162 101 187 153 111 118 116 100 152 187
135 111 168 106 187 168 145 111 142 154 123 25 122 184 107 167 171 174 102 128 113 164 130 100 169 193 118 138 193 123 125 180 134 145 186 173 113 183 185 107 190 160 122 164 144 182 183 168 156 186 196 169 102 178 122 172 171 192 110 116 115 187 196 101 133 134 175 146 170 112 106 112 172 128 176 116 110 112 184 119 198 133 140 100 111 162 124 183 107 134 151 122 174 148 124 107 134 151 105
156 163 111 168 135 140 145 103 102 109 140 173 17 173 114 159 184 128 184 119 135 170 171 158 144 171 134 151 105 137 109 162 152 120 130 187 112 127 142 167 136 182 140 195 155 106 155 140 135 191 111 170 113 182 180 158 153 166 161 111 103 170 125 155 143 155 194 107 135 137 174 123 171 167 171 127 173 178 119 108 169 182 131 182 165 111 192 170 130 106 181 185 128 106 193 171 114 187 179
101 176 105 124 100 172 147 127 198 125 198 158 146 40 189 129 197 153 173 168 183 179 149 168 160 108 161 131 122 101 162 123 129 120 199 129 144 147 108 142 124 158 101 171 191 190 152 188 195 177 108 178 157 158 199 117 118 112 100 140 165 115 115 195 135 166 176 179 165 185 174 190 143 175 113 134 117 165 175 165 194 183 195 151 193 194 120 111 159 173 103 124 188 170 171 175 137 148 106
154 185 132 196 128 159 109 115 177 126 190 194 121 125 49 124 119 136 197 182 195 170 186 171 110 156 195 137 193 195 195 100 180 128 196 108 187 158 175 116 184 117 110 157 143 100 134 114 188 131 196 183 153 182 106 115 191 153 152 136 148 147 136 128 127 133 189 115 143 116 183 127 134 194 137 129 146 171 195 134 102 191 169 107 126 127 122 117 181 174 105 181 173 142 110 153 127 151 120
170 167 103 149 153 149 186 182 195 109 177 181 163 121 102 30 199 130 192 168 163 118 173 144 144 115 106 197 194 109 117 164 129 172 166 182 122 104 117 169 114 146 151 129 167 105 100 118 135 144 186 150 115 160 147 159 127 105 108 122 115 177 138 144 149 156 178 123 161 195 193 127 142 196 156 161 101 108 180 189 105 118 139 120 130 138 131 158 144 191 132 111 120 122 155 169 179 133 145
192 129 190 119 123 186 127 136 139 188 116 180 193 187 172 165 27 110 196 175 154 139 159 165 159 134 172 180 113 158 125 157 139 115 176 162 153 155 198 145 143 167 125 136 154 197 101 171 108 149 199 114 140 158 132 199 192 156 180 157 114 157 114 153 173 142 167 178 150 166 123 193 185 149 182 139 198 135 162 158 185 161 173 125 172 157 177 116 113 157 126 180 166 192 133 191 187 153 170
137 119 145 182 104 194 164 195 145 100 157 103 137 171 128 114 195 45 191 111 151 100 189 183 167 182 168 158 169 121 180 158 140 126 140 196 172 105 191 117 157 101 121 194 172 149 160 167 187 104 130 190 104 120 173 123 154 141 134 175 163 114 133 155 192 173 152 165 130 195 134 187 148 155 133 120 157 194 139 196 198 122 186 154 194 111 130 148 152 164 123 167 130 156 123 123 181 127 140
112 122 174 151 171 182 137 143 191 183 135 187 133 157 125 139 151 136 29 151 188 133 174 156 164 182 131 139 163 158 179 127 132 105 131 103 187 120 199 178 103 186 165 136 143 190 175 146 178 197 197 119 130 123 175 146 105 158 137 120 116 116 100 148 122 131 104 109 151 155 140 106 141 105 194 136 148 121 134 126 118 131 145 149 106 172 147 111 182 185 131 198 153 131 199 175 114 155 137
117 110 177 123 103 134 117 139 134 139 173 113 109 156 110 158 162 135 158 33 117 143 156 116 196 140 167 124 106 122 161 124 184 190 199 187 176 169 126 111 160 151 176 169 107 186 180 121 121 138 146 139 133 102 107 181 194 126 105 101 148 118 177 184 160 128 171 137 149 197 100 109 100 128 131 107 114 163 180 188 153 126 179 186 128 186 167 175 164 125 128 164 195 157 148 156 185 119 145
187 168 145 196 168 125 179 127 139 142 107 179 147 133 158 133 113 196 153 188 20 130 116 124 125 125 172 181 111 191 126 198 159 123 146 179 148 178 106 140 172 165 119 120 198 178 105 164 174 158 104 135 188 173 159 114 198 184 147 161 175 126 111 187 149 110 166 150 188 125 190 112 142 109 132 193 139 138 157 114 148 161 101 189 134 112 155 133 196 102 194 124 128 106 111 130 168 129 180
156 106 122 168 149 131 153 194 171 191 151 137 191 164 138 180 199 102 135 184 199 50 130 175 170 188 138 100 156 119 132 164 126 154 133 127 186 186 121 109 129 124 198 172 188 188 153 139 190 140 123 141 130 154 116 101 194 154 153 151 174 186 115 152 140 100 179 178 138 152 139 119 176 137 192 116 125 197 156 116 137 179 157 168 185 174 121 132 180 174 135 154 160 102 106 153 103 137 131
193 189 171 113 117 160 157 134 186 154 190 154 191 121 163 111 159 137 132 143 170 159 38 124 171 180 131 124 183 168 108 129 110 131 194 127 191 151 113 129 157 155 183 100 129 147 112 140 136 196 183 106 107 161 183 179 141 166 155 177 134 163 158 196 146 152 176 138 155 141 119 112 197 155 164 178 154 176 118 142 125 101 149 132 114 184 163 107 150 119 136 136 182 194 133 129 146 161 119
101 102 190 165 151 145 130 129 199 158 147 142 183 100 143 168 166 127 131 174 129 150 110 25 185 105 150 166 103 111 137 157 114 127 122 165 173 152 147 124 163 194 118 146 147 161 166 165 140 198 139 169 100 102 135 185 159 137 103 114 149 140 171 115 168 194 132 193 198 179 169 161 126 188 160 125 149 126 190 142 176 182 111 129 136 198 166 195 188 170 109 137 110 181 104 130 127 136 123
125 116 193 139 142 133 151 119 182 177 109 176 106 191 140 135 127 190 153 174 178 123 136 115 44 117 119 116 196 108 140 173 124 185 112 118 118 163 137 152 193 198 181 151 190 121 138 169 111 191 196 190 115 132 157 101 101 129 117 197 137 109 170 161 146 135 131 116 150 120 169 195 118 102 198 160 123 136 182 186 180 178 176 195 110 134 148 111 115 117 108 152 127 130 165 173 117 196 190
120 168 111 115 186 113 114 199 188 102 181 174 182 111 103 129 121 137 177 132 152 195 192 156 174 34 121 147 144 169 189 164 137 152 179 175 117 145 174 105 148 107 180 182 118 183 112 139 172 141 123 176 188 167 132 114 194 105 114 138 174 103 102 111 156 133 186 173 179 113 131 179 120 163 161 191 146 125 130 170 119 106 198 107 125 182 122 119 187 136 109 161 191 163 124 199 197 162 125
128 175 156 107 196 119 120 139 117 146 121 139 117 127 189 124 105 171 198 176 158 186 186 171 130 149 57 129 198 109 106 126 185 114 185 133 185 106 172 154 104 193 193 121 173 182 197 178 105 148 106 163 186 192 186 116 194 133 198 192 143 156 171 128 171 156 113 156 162 185 111 118 178 156 191 103 139 189 133 144 189 140 160 175 132 198 144 178 184 142 123 127 198 194 107 121 150 120 178
113 157 141 183 187 197 175 191 188 116 124 185 105 164 145 180 149 195 176 179 179 118 102 158 169 196 165 50 147 137 120 112 194 161 195 134 159 122 177 199 138 101 184 143 118 181 176 119 177 152 198 156 123 101 115 144 197 132 186 144 170 107 108 116 120 104 102 131 178 179 131 117 133 115 112 151 197 188 170 126 193 120 134 168 121 101 164 171 134 102 167 156 161 176 124 182 132 127 113
110 106 144 127 191 112 140 142 161 180 164 187 125 185 121 145 158 123 161 129 109 164 197 117 125 173 141 107 17 120 173 167 179 169 195 170 181 187 165 194 119 129 181 145 166 155 142 177 130 104 106 139 168 155 156 193 180 149 153 137 170 126 105 149 195 152 171 129 191 136 123 110 166 157 107 184 112 150 161 142 106 120 133 174 127 189 119 108 138 172 197 160 198 154 161 146 106 133 175
149 169 150 160 187 107 119 124 119 169 185 113 127 157 146 101 185 135 121 193 126 193 142 138 144 197 100 190 155 45 117 105 106 167 117 194 175 136 118 146 158 155 160 185 165 106 187 150 194 160 195 172 153 137 110 149 134 162 139 190 199 156 147 106 124 164 100 151 100 170 197 158 177 157 196 142 164 183 144 110 195 139 182 100 129 144 150 163 107 189 105 106 198 152 112 174 116 164 125
169 186 122 179 116 132 175 110 196 110 155 106 105 194 140 106 175 184 108 139 143 197 196 150 147 101 114 121 169 131 56 138 169 121 118 185 153 145 196 149 108 103 107 113 149 199 171 125 183 179 116 127 129 112 129 128 113 195 150 183 126 196 173 148 117 143 185 122 189 181 123 149 136 130 162 186 129 186 111 165 117 127 192 198 191 173 127 105 168 177 140 147 125 165 195 195 109 180 117
150 114 141 199 150 123 113 188 105 151 199 170 121 178 114 119 170 139 198 127 107 127 119 106 153 184 153 100 145 186 169 55 100 162 146 102 138 160 143 143 163 194 165 184 173 131 104 195 170 154 122 129 182 141 188 187 177 141 139 123 127 108 170 179 123 117 134 161 129 177 156 192 171 121 177 196 104 133 191 126 187 113 107 169 106 195 156 136 189 195 159 116 156 129 148 179 198 182 192
127 111 148 172 182 169 149 179 125 134 122 151 121 136 158 143 194 106 151 130 195 199 141 163 107 171 163 186 169 197 178 149 18 126 121 143 147 122 174 124 156 196 127 129 184 137 172 179 143 176 161 190 175 103 106 182 126 169 120 147 167 150 196 175 128 169 170 127 191 144 151 199 141 178 129 177 115 153 156 111 129 170 101 156 173 107 190 199 129 162 146 196 112 195 123 192 164 194 119
156 138 122 107 131 152 136 109 168 142 117 131 171 187 184 180 160 144 170 111 173 185 110 169 197 105 192 190 121 186 161 129 177 44 137 108 136 173 117 156 167 135 187 139 174 124 171 187 168 193 198 141 178 160 110 128 117 154 170 139 141 131 168 118 167 157 178 104 183 196 112 150 183 152 141 157 176 112 144 144 106 195 185 136 155 147 164 125 101 134 164 142 118 184 112 185 142 143 141
125 139 106 175 174 158 117 183 134 181 128 130 139 175 115 176 182 162 192 107 115 179 123 110 197 108 122 134 102 165 128 179 156 134 16 182 144 123 166 130 157 146 160 196 121 127 172 155 141 117 163 156 196 138 166 145 198 141 179 100 158 159 179 167 193 186 149 137 161 115 119 118 113 179 167 186 106 191 142 199 108 157 156 104 195 174 149 194 115 181 146 174 140 126 193 186 164 142 175
177 110 195 148 123 174 115 110 133 106 104 132 167 161 140 171 156 115 173 102 182 154 149 108 194 127 101 180 143 144 156 172 154 151 120 39 177 187 191 110 146 195 195 113 108 135 136 117 102 109 119 185 163 168 193 110 147 195 190 190 191 198 163 145 101 135 126 179 123 118 141 121 165 188 186 174 124 122 191 178 132 162 163 147 183 109 157 130 104 100 173 195 150 136 192 152 123 118 183
198 188 176 119 154 165 157 180 141 180 171 119 164 185 135 163 168 144 173 199 148 173 172 195 175 160 139 179 183 157 162 182 198 191 153 104 16 111 184 149 143 107 168 107 192 103 122 161 199 195 112 147 168 136 194 196 196 133 175 131 143 190 113 141 181 119 197 137 130 181 138 125 140 106 132 132 162 154 145 161 102 109 161 122 145 155 118 141 141 194 173 184 184 138 177 165 109 174 154
191 107 192 116 147 150 100 131 164 107 129 178 109 138 139 131 184 146 150 177 187 144 150 123 180 141 100 145 150 174 151 142 133 143 110 180 145 21 164 110 118 193 188 127 131 179 158 167 177 160 145 165 156 147 140 136 188 141 181 191 167 132 185 101 127 195 133 173 158 197 135 176 142 123 155 126 154 166 193 131 126 138 196 183 138 189 119 178 130 153 169 197 137 106 150 117 154 184 142
112 181 177 141 124 152 196 150 106 162 195 137 141 186 186 124 124 175 195 102 105 148 124 154 138 130 157 155 184 141 197 149 174 174 190 198 126 186 10 184 101 148 121 142 134 107 166 158 134 161 160 191 162 136 198 100 167 155 107 103 196 104 152 170 130 142 121 108 181 173 192 182 121 113 124 155 173 142 165 107 103 126 199 117 162 149 169 181 104 176 137 100 180 189 122 162 184 195 170
117 169 162 199 190 128 175 198 101 117 163 160 172 141 111 190 104 160 159 137 164 136 174 116 168 116 191 131 100 186 153 117 155 168 168 146 196 143 196 59 160 159 161 132 101 173 174 157 185 134 194 102 122 121 170 142 137 161 125 189 148 131 158 103 199 178 101 195 121 197 144 133 157 157 117 110 130 192 167 168 178 113 170 152 134 140 146 123 102 172 112 150 103 122 105 102 100 107 149
173 156 145 106 113 102 124 123 185 168 142 153 146 156 175 198 142 167 196 166 169 168 130 171 123 153 129 177 105 136 178 179 192 123 185 158 178 161 133 163 39 176 116 175 184 143 125 126 110 122 192 132 142 123 155 118 128 184 147 133 172 126 112 117 149 150 175 179 163 160 142 193 188 110 120 172 153 198 199 116 172 143 148 166 166 155 184 146 140 132 132 164 110 144 181 111 146 156 191
110 169 133 155 157 144 175 130 149 173 181 165 197 124 165 164 143 121 148 189 113 132 121 177 142 118 159 154 116 167 145 126 136 178 181 194 174 109 176 124 134 17 141 132 181 159 196 124 180 196 166 145 129 139 122 123 109 133 177 126 101 122 104 137 153 138 183 179 147 159 155 133 116 197 165 150 156 113 126 188 110 192 133 191 184 107 114 193 141 144 171 194 118 176 183 123 166 167 103
165 126 158 198 195 107 116 145 115 129 171 155 191 116 140 182 100 148 149 145 141 193 117 135 111 193 118 135 111 137 190 176 116 100 174 111 108 190 108 175 172 179 43 163 195 123 198 147 123 199 193 116 144 110 151 155 155 122 142 166 111 184 142 127 185 168 138 145 159 146 172 183 178 155 146 125 179 196 173 154 195 118 171 191 128 174 147 135 148 141 153 160 126 147 187 163 115 178 108
126 176 180 109 106 136 108 132 167 156 157 121 104 175 144 195 155 119 194 190 167 136 195 179 114 142 167 177 157 197 185 136 125 117 145 132 153 105 164 172 162 121 146 26 148 190 161 103 161 156 145 129 144 140 160 158 182 127 187 191 176 124 127 102 141 173 134 147 178 150 119 192 123 165 158 171 108 172 174 169 180 119 150 124 159 111 134 193 190 173 184 167 197 112 169 138 137 155 185
167 105 157 160 128 174 170 199 182 142 125 152 122 196 102 198 155 165 132 100 156 105 184 123 102 196 144 193 185 199 130 153 104 187 165 184 114 135 135 196 178 160 148 152 16 103 151 163 168 183 163 176 141 199 199 195 148 143 188 133 142 171 138 198 110 103 134 124 139 169 121 169 181 121 121 189 176 172 104 197 108 167 173 101 119 173 196 167 168 137 152 163 160 191 113 170 194 148 147
185 169 168 154 151 141 128 140 170 152 145 167 112 164 140 113 135 165 110 102 186 199 107 149 159 198 162 181 144 162 128 130 132 148 136 183 190 164 175 112 117 172 179 129 189 31 195 124 189 105 179 175 156 186 176 115 184 190 196 180 153 177 162 137 125 199 172 115 115 147 127 184 172 158 114 161 182 109 185 171 166 164 198 174 150 174 141 186 116 137 119 121 114 181 158 192 132 130 107
148 130 187 132 102 197 198 163 179 159 100 102 177 165 100 151 167 126 192 106 143 182 125 164 148 158 175 140 191 105 100 191 135 139 175 189 136 174 104 168 185 105 170 163 122 123 24 141 149 159 147 144 141 124 161 189 183 136 130 126 193 182 169 181 121 144 170 109 170 127 177 156 132 100 119 106 123 185 147 124 144 147 121 137 123 182 127 106 170 109 184 115 143 153 196 164 198 119 173
168 146 103 176 130 103 195 136 126 133 135 102 129 134 175 167 158 109 146 116 179 107 101 147 150 106 143 114 104 114 187 125 112 142 101 142 145 149 130 123 134 118 126 163 152 101 130 20 163 128 127 142 135 180 189 185 186 185 199 143 151 139 168 164 181 121 158 179 122 141 102 156 159 180 172 163 134 154 126 197 183 105 191 118 185 181 104 123 118 155 166 169 146 186 185 180 160 144 159
182 137 161 191 148 142 163 111 128 117 189 125 152 194 116 171 131 149 127 155 119 182 173 141 181 160 126 161 120 122 120 154 159 133 145 107 127 160 171 155 130 112 132 182 159 149 153 190 10 132 197 170 167 171 163 148 183 189 161 155 164 133 109 123 166 107 183 146 119 106 153 149 118 186 132 177 187 137 120 189 170 117 111 137 140 174 137 175 164 198 130 128 131 192 103 149 199 138 195
118 144 101 120 115 139 152 144 126 141 116 167 111 134 179 100 126 153 189 154 169 187 184 197 170 176 153 120 127 143 167 198 188 168 118 155 107 122 151 185 115 168 153 179 154 132 179 180 137 29 134 107 108 171 156 179 199 109 151 179 153 170 129 193 139 199 100 198 173 151 136 188 119 189 167 173 173 147 106 162 168 192 169 128 115 126 159 167 187 162 146 192 133 175 137 124 126 137 122
199 141 110 187 112 151 155 138 124 154 196 187 174 188 108 102 156 134 114 123 174 176 169 118 109 196 156 133 122 145 108 121 138 118 160 151 170 115 189 146 169 185 185 143 125 194 198 133 180 164 16 106 140 177 125 102 125 181 135 147 178 195 120 117 114 181 168 184 148 109 182 118 146 168 113 123 162 163 157 194 127 165 101 168 143 126 170 168 159 157 168 137 153 140 106 119 173 126 155
122 135 137 192 133 105 105 157 119 121 166 166 148 131 167 168 174 145 190 195 104 148 163 193 153 103 100 172 129 126 127 151 114 164 143 147 122 100 104 193 121 122 159 170 154 126 138 128 171 129 123 37 129 138 121 134 194 121 106 123 199 185 174 113 101 169 161 123 169 117 117 191 140 128 113 194 107 103 174 130 184 150 158 165 188 131 199 182 152 105 157 103 190 183 117 192 152 178 167
174 195 136 117 187 165 130 181 124 185 108 154 170 158 112 135 146 143 135 181 147 192 138 151 135 122 168 179 126 198 198 100 145 135 117 133 152 199 166 128 185 174 182 155 184 147 142 131 190 129 164 190 34 102 193 109 176 113 140 103 111 138 155 108 125 173 193 129 172 112 157 157 186 140 164 123 187 107 154 129 188 118 171 162 172 164 123 101 177 163 104 140 154 159 149 131 184 142 161
157 154 118 166 193 110 131 116 149 190 122 179 130 192 150 145 164 167 168 165 144 184 121 185 138 133 134 121 117 128 182 126 183 153 145 128 163 128 144 165 170 118 144 100 110 146 145 126 113 114 144 110 150 25 195 140 150 181 161 120 161 144 198 144 149 143 124 112 171 120 129 141 138 125 142 148 172 139 175 137 105 119 199 155 136 146 195 187 127 109 159 189 153 157 185 154 101 162 166
124 182 148 166 121 173 160 121 197 151 148 187 157 167 186 164 156 133 160 195 112 121 154 153 126 163 191 180 164 153 198 141 135 146 159 108 120 119 182 117 170 130 156 179 198 143 144 106 128 156 101 140 177 155 56 103 118 137 183 135 142 181 176 129 180 135 138 100 106 120 169 128 150 126 108 100 121 104 106 149 160 159 141 137 114 187 192 185 176 127 172 118 160 148 148 140 135 138 140
193 158 162 121 160 140 181 113 161 185 171 162 197 131 155 186 197 143 178 182 119 105 106 190 118 154 138 158 141 176 199 186 186 113 108 198 153 141 163 166 179 135 128 176 118 183 163 167 178 193 102 150 151 108 140 29 115 178 127 156 106 178 143 192 191 103 142 196 196 106 162 175 193 142 152 163 178 167 130 156 160 132 106 111 141 198 132 156 128 160 164 134 138 159 178 182 114 173 130
111 131 193 138 124 187 142 139 165 109 169 174 122 154 132 185 195 131 118 103 159 178 167 146 168 127 176 102 193 149 133 104 180 178 143 156 165 137 195 183 147 117 157 121 171 189 106 118 120 124 121 132 154 140 130 175 27 106 177 113 108 162 117 140 192 112 197 158 102 144 193 149 113 150 122 184 191 128 102 164 105 175 196 111 116 178 186 135 184 116 148 144 178 118 185 171 182 134 181
184 130 174 185 144 176 107 180 167 188 135 131 193 110 179 104 126 157 143 114 194 159 162 138 189 180 175 160 163 109 193 199 140 119 185 136 147 192 116 115 180 151 198 125 114 130 182 192 187 125 106 181 184 121 172 125 101 57 186 116 109 131 116 101 151 101 137 198 145 105 165 178 157 116 103 123 146 185 115 185 162 122 119 198 143 191 124 196 190 162 165 199 193 133 100 196 186 137 147
131 143 112 109 152 180 113 175 126 150 142 164 113 164 183 111 159 174 135 156 164 149 173 116 143 106 116 139 192 106 186 175 101 151 185 153 183 150 180 162 152 122 126 165 139 109 129 198 183 116 106 199 166 179 115 161 137 184 10 181 190 139 157 191 142 194 196 177 144 128 139 148 102 165 166 141 174 195 192 109 163 150 109 181 182 176 142 119 160 195 101 102 186 110 145 180 104 141 157
100 121 197 148 124 162 114 117 137 161 161 198 177 112 107 158 194 136 153 165 148 148 118 103 186 128 148 166 132 142 123 132 163 172 181 139 135 147 157 124 109 118 122 186 182 182 196 128 170 149 146 170 149 164 173 135 193 122 101 37 164 177 110 179 149 143 119 136 142 176 112 151 146 187 189 181 121 138 109 191 187 155 161 137 172 187 124 117 109 126 194 125 155 156 104 104 151 123 193
194 151 157 145 150 144 187 131 165 177 192 108 116 100 122 153 172 109 178 189 170 156 135 195 111 192 199 167 143 175 160 137 178 170 135 128 114 174 111 132 151 156 140 167 156 114 173 180 123 103 121 193 159 156 188 122 148 140 189 192 27 102 181 145 172 116 126 138 142 189 170 193 145 163 113 153 177 186 133 101 189 154 146 100 111 187 174 111 179 115 155 146 169 137 191 193 105 169 132
148 159 154 193 104 117 106 110 195 144 143 148 185 150 146 185 113 133 111 124 112 127 132 158 196 121 102 190 126 123 174 126 182 128 172 139 198 178 149 193 175 144 193 160 194 139 198 159 173 109 184 137 136 168 148 185 189 150 127 115 173 11 194 108 181 166 147 179 196 196 124 171 192 117 184 187 157 182 146 182 191 182 119 180 150 167 117 139 169 144 107 195 197 153 103 130 171 150 110
167 198 186 191 190 104 175 129 113 109 128 147 100 110 118 132 113 186 149 104 107 145 163 102 194 168 157 125 139 159 187 159 157 173 102 100 129 177 181 194 138 109 141 138 172 160 123 185 198 124 141 157 170 105 160 164 125 117 141 165 177 128 34 186 154 126 138 135 155 120 182 193 181 175 183 153 187 158 190 185 183 184 143 153 141 155 169 166 124 111 131 101 191 107 140 197 185 130 185
192 102 167 185 184 142 121 189 130 131 132 167 114 116 162 119 109 169 189 175 194 152 159 147 195 118 139 193 104 170 130 196 172 197 134 156 139 107 198 121 138 182 141 153 198 103 124 159 173 165 186 119 117 145 166 165 116 106 110 120 176 140 168 10 137 102 157 128 109 107 150 100 189 191 105 139 146 129 198 171 195 136 190 164 182 109 129 198 115 139 170 143 179 138 143 168 193 152 197
154 159 199 154 100 142 159 139 188 141 189 112 136 126 102 152 160 111 182 110 178 173 180 121 105 170 117 173 163 169 170 118 181 121 124 181 163 184 173 152 177 114 164 165 140 118 117 152 182 151 162 160 125 194 134 130 117 151 155 180 172 178 150 105 59 175 139 163 111 112 167 188 126 183 153 119 153 122 171 135 174 134 196 199 180 182 181 197 185 136 130 157 166 180 115 166 107 154 129
170 166 148 158 144 131 163 163 184 138 187 172 112 121 120 163 153 102 196 151 187 184 181 196 151 113 111 117 173 117 198 143 183 146 154 180 129 117 143 165 107 130 137 119 103 157 134 109 111 130 160 150 115 193 199 166 158 162 135 131 180 133 175 163 131 39 195 112 198 139 177 106 121 167 177 177 176 112 186 188 142 198 190 109 143 189 175 101 152 162 185 132 195 112 147 178 193 143 190
143 134 168 101 155 187 179 184 163 143 122 103 137 120 194 147 115 183 174 169 187 137 106 119 184 118 119 163 163 162 153 106 196 173 108 103 160 139 140 124 182 162 179 171 135 173 118 150 109 145 171 196 182 177 168 118 195 139 181 158 101 135 117 149 108 177 14 121 116 144 145 150 107 124 121 194 150 192 196 159 137 168 107 119 145 127 189 193 166 171 103 119 158 120 168 166 197 173 139
165 169 184 115 128 161 189 122 111 181 119 122 118 139 181 189 184 161 178 129 179 101 133 151 159 105 171 178 103 144 117 120 166 154 188 194 115 177 117 178 110 188 152 180 127 185 169 163 198 199 193 130 101 178 181 112 183 152 190 138 149 160 159 115 114 147 109 41 124 178 111 186 166 163 166 145 100 187 161 199 186 106 129 139 184 110 104 119 162 146 158 163 106 117 178 172 164 188 153
140 166 164 178 185 127 144 182 180 131 143 179 169 149 108 161 185 170 165 105 184 111 163 148 118 132 178 190 148 118 196 140 137 160 118 122 140 162 104 120 193 100 151 114 101 111 175 187 181 140 144 117 104 107 117 122 139 196 164 139 114 112 179 151 173 197 125 165 19 182 185 104 182 188 170 135 199 146 122 180 138 166 149 142 125 167 164 116 163 181 155 129 193 134 181 118 183 158 183
142 140 120 198 174 108 169 110 107 167 184 139 105 151 189 148 128 108 164 145 171 197 152 100 191 139 133 161 122 144 145 117 184 165 167 111 126 136 173 185 155 157 125 161 160 166 161 189 174 125 186 197 123 138 149 166 177 135 127 100 179 172 169 115 190 136 126 168 125 59 153 180 157 130 193 169 148 154 158 174 132 196 171 155 135 173 121 164 108 100 116 187 125 185 102 115 122 181 135
147 132 188 179 141 171 173 111 119 179 121 194 111 118 117 166 105 190 139 169 198 192 138 137 117 123 192 132 197 125 119 196 157 159 176 199 130 101 110 102 180 131 196 144 101 113 162 106 156 154 176 154 146 114 144 163 189 136 147 139 161 166 135 118 125 163 169 108 164 131 20 197 115 106 141 116 171 155 123 127 109 151 134 155 117 178 118 106 114 165 197 127 183 133 197 109 196 167 117
113 198 127 162 113 185 155 182 156 110 105 136 120 108 170 175 125 148 194 183 114 111 181 141 195 166 138 156 114 157 173 179 156 152 141 121 189 148 155 145 159 112 133 179 120 103 106 197 151 152 133 165 116 166 158 111 132 149 167 146 106 192 178 114 196 119 188 185 168 143 182 39 156 116 110 128 171 116 126 123 121 159 140 137 125 151 148 109 100 167 107 106 111 185 173 159 157 161 196
177 104 178 156 112 146 118 141 118 134 119 193 107 130 185 144 155 136 144 116 136 111 123 195 174 161 168 185 170 181 181 147 137 160 155 150 158 173 143 176 159 162 121 119 192 107 163 199 143 108 115 132 171 190 179 198 103 199 183 173 180 165 172 117 177 179 119 135 104 162 164 116 34 185 135 168 192 198 167 188 158 134 172 130 125 151 128 180 102 111 154 182 176 178 151 105 158 171 141
162 133 105 178 110 142 113 178 187 164 198 127 122 132 199 104 109 102 132 190 104 196 196 186 124 174 189 130 184 160 171 199 146 128 177 108 122 143 138 109 159 136 188 181 169 187 138 130 141 170 120 145 118 168 183 143 195 173 173 179 185 196 178 183 176 108 191 198 103 182 160 162 118 58 195 139 188 133 170 129 156 142 127 174 111 110 169 106 135 194 137 121 190 116 156 166 124 100 117
179 182 177 141 100 177 188 192 165 122 114 147 130 156 174 156 167 184 126 125 172 120 163 145 163 131 101 129 155 101 198 186 135 127 127 188 105 115 180 122 189 194 169 119 102 195 128 122 132 154 147 104 126 162 149 189 193 102 171 100 156 169 186 191 197 165 131 154 181 163 128 122 157 150 54 112 145 122 134 177 176 133 133 102 196 182 144 141 137 115 142 145 184 180 188 133 146 120 139
179 183 168 101 193 118 147 105 163 169 191 193 197 124 126 152 172 109 196 114 198 111 156 143 147 188 131 181 134 103 120 113 187 140 167 132 158 114 137 122 136 180 115 133 104 141 137 177 102 133 191 152 196 199 147 144 187 179 177 174 182 149 187 121 190 106 153 100 121 142 174 109 122 189 194 39 183 132 156 137 117 199 142 114 150 189 110 189 120 187 163 155 136 103 176 178 109 182 179
182 176 153 143 151 195 138 130 130 170 138 119 187 189 161 101 191 103 111 180 123 150 196 178 139 199 107 117 160 141 148 195 169 154 138 120 149 176 102 131 198 140 150 186 181 164 139 172 119 103 105 142 153 101 173 192 152 132 162 164 173 162 159 142 116 150 115 117 126 117 148 177 158 151 163 191 27 154 164 186 157 169 180 163 122 153 155 174 137 169 138 110 184 150 105 100 100 120 170
178 189 170 155 199 173 118 191 140 173 155 178 182 176 111 145 198 116 153 172 154 122 162 116 158 112 173 159 112 145 181 191 135 151 146 134 125 117 125 117 142 132 148 124 108 159 170 106 175 123 130 181 197 193 198 156 105 171 167 170 117 148 113 104 151 159 138 128 128 116 146 170 148 194 147 157 105 29 163 132 192 194 114 141 139 112 149 196 135 168 166 104 168 179 108 120 191 199 148
171 115 146 142 163 192 141 120 197 110 136 130 154 182 196 147 121 160 197 169 195 165 136 152 186 167 160 106 158 111 106 182 126 153 124 190 145 117 162 143 127 150 125 133 132 121 180 105 181 177 175 128 195 163 180 181 130 193 139 141 104 145 123 131 198 199 173 144 116 187 139 195 138 116 128 122 137 108 40 170 138 155 198 133 170 131 166 100 124 105 193 128 150 168 111 101 167 136 197
135 176 188 182 166 104 110 188 141 171 168 163 109 175 161 194 197 192 160 150 168 117 143 149 119 112 160 120 131 149 169 167 125 157 149 191 161 112 131 154 183 152 117 192 127 131 138 177 175 150 127 144 167 170 193 186 134 105 159 166 154 180 185 179 138 134 170 199 198 102 154 181 154 123 125 133 154 163 162 40 165 189 126 132 112 119 171 146 124 182 164 179 162 149 110 100 136 133 152
134 187 158 168 141 181 193 126 188 109 141 170 126 130 196 159 142 115 182 141 139 116 105 170 178 155 181 131 143 114 135 129 101 193 197 194 126 143 172 114 104 113 184 130 196 180 141 138 147 123 131 187 139 137 109 170 144 190 101 187 156 188 116 109 181 166 103 159 109 128 174 165 193 110 195 189 143 137 128 190 22 159 129 104 148 191 174 192 133 127 131 190 167 100 199 148 166 155 107
127 135 133 192 128 196 187 118 191 176 198 133 141 109 163 145 158 106 171 102 139 150 134 129 117 186 181 117 152 188 176 131 123 162 123 151 158 162 169 101 139 119 134 180 129 149 177 187 155 148 189 195 150 175 176 167 161 109 136 165 149 112 196 172 174 119 176 184 134 197 185 173 117 120 105 146 121 182 185 177 182 36 124 132 154 152 151 167 162 187 133 163 199 181 136 126 153 112 110
187 161 196 160 178 168 117 176 189 199 113 118 133 140 194 165 194 147 168 113 161 155 146 124 106 180 112 132 133 176 195 120 138 143 132 168 163 101 145 104 100 158 123 185 150 169 150 196 116 170 110 129 125 108 106 183 188 118 168 173 195 163 145 133 158 129 101 121 130 198 125 182 109 100 167 159 170 169 108 138 139 118 28 116 178 174 100 119 144 120 192 139 135 138 124 193 119 178 114
150 176 139 184 137 192 152 149 162 121 157 100 113 127 120 181 105 146 181 124 191 153 117 182 188 107 107 181 126 185 195 128 113 187 113 103 179 165 152 193 138 109 145 103 136 166 185 193 164 118 170 107 172 139 190 112 146 149 194 124 186 141 153 199 180 118 154 159 135 106 104 173 167 150 129 103 168 114 149 132 184 119 192 16 158 182 121 156 131 115 180 117 108 185 168 189 103 123 100
138 181 105 164 149 155 145 104 175 111 153 107 195 172 199 104 182 133 125 138 116 192 171 133 100 156 154 189 112 129 190 102 110 147 118 159 102 163 164 177 126 169 136 122 194 188 126 176 173 103 167 190 195 138 175 195 146 181 137 110 110 179 113 173 126 183 132 128 199 148 157 125 118 145 147 112 185 125 140 159 128 107 149 175 57 176 171 144 158 160 106 168 139 119 193 165 155 126 145
154 126 102 131 196 199 131 108 185 156 101 144 137 160 145 164 158 173 187 154 131 147 160 152 186 132 145 151 139 123 196 193 150 150 176 146 102 107 107 187 116 160 183 105 120 180 169 130 153 157 184 137 104 197 189 143 129 186 146 168 110 195 113 112 197 141 158 199 149 117 138 165 177 121 122 150 153 191 180 159 100 117 196 157 166 47 100 147 123 198 167 133 193 180 197 191 121 156 190
122 125 129 139 155 102 161 105 108 153 137 167 105 106 163 162 172 152 114 119 175 113 186 161 106 118 158 197 192 166 140 114 192 121 154 199 175 115 156 183 120 193 102 126 152 117 188 124 169 155 196 145 168 182 106 174 153 164 124 145 183 116 159 175 137 165 174 164 133 130 148 105 175 102 131 179 120 172 104 189 127 152 134 147 186 192 31 139 109 197 184 192 113 196 119 102 113 145 119
146 127 119 152 154 121 135 134 141 159 190 131 138 142 117 185 128 162 107 168 171 156 104 115 122 100 134 176 114 179 195 112 106 166 116 112 188 152 146 181 111 136 164 150 178 182 135 159 196 194 179 119 103 183 134 177 136 120 153 150 151 101 114 109 167 131 121 107 135 168 189 198 104 153 100 135 187 188 146 135 182 125 154 137 108 188 114 54 160 120 146 111 121 113 120 140 144 142 148
131 110 137 129 166 142 130 153 182 118 151 117 152 176 172 190 137 112 156 181 173 176 180 184 149 193 105 190 189 199 138 120 161 127 149 127 121 131 133 103 149 184 173 154 113 145 196 150 109 152 183 182 181 115 119 130 108 176 120 149 175 110 169 136 189 171 115 111 154 100 166 104 137 139 110 150 184 106 152 146 158 135 128 139 151 199 170 111 35 142 161 102 153 182 138 142 153 106 105
160 158 172 164 195 111 174 145 148 180 197 194 190 185 174 182 188 174 104 199 101 146 112 104 151 195 194 146 100 100 151 160 159 123 176 106 187 102 152 135 134 101 181 177 138 155 159 126 181 163 178 183 161 142 187 165 137 181 111 190 134 114 102 145 190 179 151 177 133 155 164 168 109 145 145 147 152 104 126 134 119 104 117 132 146 156 197 136 137 20 178 123 175 180 168 117 111 172 194
145 127 110 113 136 155 110 184 107 166 110 193 185 166 110 169 164 118 167 152 108 127 130 131 154 163 152 171 174 124 117 119 151 127 184 188 182 194 124 142 160 186 187 197 104 150 167 120 168 186 173 176 165 155 108 120 118 160 143 145 184 161 164 187 188 101 175 123 195 151 117 108 137 104 157 141 154 176 162 123 162 187 199 128 194 159 100 113 171 143 18 107 156 174 195 145 175 122 120
123 174 189 131 111 193 140 105 100 117 119 123 131 106 174 159 152 186 111 165 157 107 175 165 163 102 112 160 177 134 132 100 108 121 183 172 167 124 177 167 193 196 142 124 154 168 136 106 154 147 124 164 106 151 181 170 153 193 182 131 127 167 183 136 188 119 108 155 143 137 122 136 185 116 160 191 185 148 149 191 196 173 155 102 177 136 124 130 181 159 113 19 126 149 197 166 168 157 122
163 194 196 151 179 165 163 170 150 112 119 141 160 145 149 162 174 137 139 156 119 150 170 180 176 171 177 142 139 134 116 154 128 165 105 159 130 168 181 180 132 152 173 192 149 174 155 123 112 146 180 183 196 102 163 124 173 140 118 164 174 135 118 154 100 175 113 182 143 146 114 176 198 187 168 148 114 175 171 126 173 103 109 121 105 172 145 130 164 164 194 190 59 164 144 151 139 109 185
135 155 199 163 153 138 183 101 152 111 125 178 184 128 139 106 186 163 103 116 127 167 163 117 118 127 113 121 119 122 106 154 177 105 117 183 144 152 136 196 163 113 127 148 194 118 106 180 182 109 148 161 129 111 131 199 191 144 121 110 167 127 116 196 185 185 131 181 137 168 129 101 181 156 101 175 127 107 107 109 168 156 122 149 119 153 149 110 198 170 172 117 149 48 165 186 173 197 167
111 117 149 112 198 157 165 126 184 124 133 145 192 189 168 194 161 173 143 171 123 165 144 140 166 184 158 153 158 107 172 121 124 121 185 174 131 150 100 115 174 134 161 118 175 181 112 136 154 107 160 178 124 156 170 191 140 128 196 150 187 120 123 111 194 108 186 125 110 138 140 136 172 101 107 100 134 171 188 189 179 148 119 103 156 189 146 197 170 142 199 157 163 123 31 157 183 107 182
194 145 174 182 170 128 189 122 162 161 110 151 140 111 170 195 167 112 142 116 182 184 116 191 199 191 112 156 126 171 190 120 169 165 155 139 193 144 161 155 105 123 159 145 134 181 193 102 145 135 170 179 171 186 171 171 129 135 179 156 107 122 128 176 139 183 167 132 128 180 139 185 155 150 183 190 132 176 144 129 163 114 109 134 153 180 157 134 167 189 190 174 111 171 102 12 106 121 134
186 153 125 172 109 176 155 151 160 183 195 189 146 161 198 132 114 130 190 101 198 131 191 124 194 114 179 196 121 152 182 159 106 107 131 167 183 138 118 195 121 113 185 167 126 135 100 193 118 142 194 168 125 137 192 119 152 123 167 125 176 149 184 134 108 168 153 144 106 171 139 128 136 176 147 162 164 199 155 182 141 149 150 118 187 194 189 191 118 156 168 146 157 152 132 166 32 185 110
179 108 101 159 144 178 106 158 194 106 114 176 199 115 126 118 154 172 159 145 142 116 165 140 173 118 172 191 190 109 153 121 117 155 132 113 185 191 172 179 197 138 107 148 153 185 118 160 157 178 157 100 146 123 140 171 193 165 163 135 126 168 157 144 123 141 157 160 132 181 191 181 119 198 130 125 135 100 185 193 130 194 145 176 117 137 148 162 102 163 198 129 183 107 125 159 148 44 119
181 116 163 162 135 161 144 112 197 197 149 142 127 144 187 156 113 176 156 176 179 171 174 160 154 133 137 113 181 171 185 114 139 148 129 127 161 125 139 110 122 189 152 102 185 191 110 198 168 166 174 199 189 100 111 143 185 100 157 167 123 142 133 163 190 114 190 103 140 181 114 114 122 166 168 107 110 178 106 130 196 132 181 185 185 192 129 170 144 138 189 167 132 123 130 174 189 172 37
39 154 191 196 176 110 164 184 120 195 142 102 191 126 183 177 111 127 158 134 171 148 123 138 180 198 169 154 188 193 131 169 147 123 165 176 133 130 112 105 125 154 107 168 180 190 197 144 117 155 178 140 155 153 178 135 152 199 189 192 193 173 161 140 148 127 116 133 109 128 138 186 134 197 154 167 139 104 163 108 159 141 148 115 146 126 102 198 126 144 190 119 117 104 111 165 183 180 198
192 20 188 130 195 185 136 114 176 140 177 184 152 170 132 167 116 110 121 115 188 165 157 159 134 113 171 199 196 103 149 140 163 189 170 110 126 107 124 102 147 153 138 199 123 170 118 140 133 192 107 121 157 116 181 192 182 104 143 178 107 145 171 122 134 141 133 161 100 109 115 100 163 154 199 138 176 170 130 109 162 189 183 171 158 116 163 140 120 159 170 179 104 141 101 138 135 134 199
